426.0 0.0
427.5 0.0
432.0 0.0
435.5 6e-05
437.0 9e-05
439.0 0.0
440.5 1e-05
442.0 3e-05
443.5 1e-05
445.0 6e-05
446.5 9e-05
448.0 0.00016
449.5 0.0001
451.0 0.00015
452.5 0.00023
454.0 0.00027
455.5 0.00044
457.0 0.00065
458.5 0.00092
460.0 0.00116
461.5 0.00174
463.0 0.00219
464.5 0.00277
466.0 0.00402
467.5 0.00505
469.0 0.00652
470.5 0.00845
472.0 0.01107
473.5 0.01358
475.0 0.01689
476.5 0.02209
478.0 0.02677
479.5 0.0324
481.0 0.04098
482.5 0.04873
484.0 0.05732
485.5 0.06894
487.0 0.08219
488.5 0.09508
490.0 0.11232
491.5 0.13169
493.0 0.14995
494.5 0.16932
496.0 0.1962
497.5 0.21698
499.0 0.23715
500.5 0.26047
502.0 0.27421
503.5 0.28477
505.0 0.29171
506.5 0.2919
508.0 0.28754
509.5 0.27724
511.0 0.26397
512.5 0.25097
514.0 0.23411
515.5 0.21735
517.0 0.20235
518.5 0.18578
520.0 0.16962
521.5 0.15637
523.0 0.14383
524.5 0.12856
526.0 0.11715
527.5 0.10623
529.0 0.09215
530.5 0.08201
532.0 0.07226
533.5 0.06014
535.0 0.05192
536.5 0.04452
538.0 0.03575
539.5 0.03022
541.0 0.02581
542.5 0.02129
544.0 0.01875
545.5 0.0168
547.0 0.01485
548.5 0.01383
550.0 0.0129
551.5 0.01216
553.0 0.01154
554.5 0.01118
556.0 0.01083
557.5 0.01048
559.0 0.01022
560.5 0.00963
562.0 0.00928
563.5 0.00865
565.0 0.00787
566.5 0.00738
568.0 0.00677
569.5 0.00595
571.0 0.00537
572.5 0.00479
574.0 0.0043
575.5 0.00382
577.0 0.00336
578.5 0.00298
580.0 0.00268
581.5 0.00239
583.0 0.0021
584.5 0.00203
586.0 0.00174
587.5 0.00166
589.0 0.00152
590.5 0.00139
592.0 0.00117
593.5 0.0011
595.0 0.00091
596.5 0.0008
598.0 0.00068
599.5 0.0005
600.0 0.0
